Two body rpy? False
NNMob shape:  sphere
NNMob axes:  {'sphere': [1.0, 1.0, 1.0], 'prolateSpheroid': [1.0, 1.0, 3.0], 'oblateSpheroid': [2.0, 2.0, 1.0]}
          x         y         z  q_x  ...       v_z       w_x       w_y       w_z
0  0.000000  0.000000  0.000000    0  ...  3.168357 -0.064029  0.120902 -0.000082
1 -0.915721  0.921028  2.704286    0  ...  3.015150  0.008859  0.028992  0.005458
2 -0.332024 -2.922217  0.591951    0  ...  2.886730  0.169986  0.088627  0.007001
3 -2.028587 -2.321426 -1.808200    0  ...  3.238172  0.083762 -0.009294  0.013467
4 -2.835987 -3.445864 -4.469730    0  ...  2.985954  0.128776  0.014899  0.005694

[5 rows x 19 columns]
Sums of tensors going to NN: tensor(50., device='cuda:0') tensor(188.4956, device='cuda:0')
M [9, 6, 6]
force [9, 6, 1]
M [9, 6, 6]
force [9, 6, 1]
features [ 0.58369696 -3.84324566 -2.11233493  4.42416074  2.42416073]
forces_s [ 0.          0.         18.84955592  0.          0.          0.        ]
forces_t [ 0.          0.         18.84955592  0.          0.          0.        ]
min_dist 2.42416073268777
dist 4.424160737069101
min_dist_all 0.9999999972661197
M [9, 6, 6]
force [9, 6, 1]
M [9, 6, 6]
force [9, 6, 1]
M [9, 6, 6]
force [9, 6, 1]
M [9, 6, 6]
force [9, 6, 1]
M [9, 6, 6]
force [9, 6, 1]
M [9, 6, 6]
force [9, 6, 1]
M [9, 6, 6]
force [9, 6, 1]
M [9, 6, 6]
force [9, 6, 1]
M [9, 6, 6]
force [9, 6, 1]
M [9, 6, 6]
force [9, 6, 1]
M [9, 6, 6]
force [9, 6, 1]
M [9, 6, 6]
force [9, 6, 1]
M [9, 6, 6]
force [9, 6, 1]
M [9, 6, 6]
force [9, 6, 1]
M [9, 6, 6]
force [9, 6, 1]
M [9, 6, 6]
force [9, 6, 1]
M [9, 6, 6]
force [9, 6, 1]
M [9, 6, 6]
force [9, 6, 1]
0
linear: [0.08179 0.22386 3.21402] [0.07431 0.19164 3.16836] 0.0326
angular: [-0.08031  0.13956  0.     ] [-0.06403  0.1209  -0.00008] 0.0143
1
linear: [-0.00911  0.32947  3.03597] [-0.00068  0.29628  3.01515] 0.0231
angular: [0.0201  0.04303 0.     ] [0.00886 0.02899 0.00546] 0.0109
2
linear: [ 0.18161 -0.00716  2.89469] [ 0.18297 -0.00802  2.88673] 0.0047
angular: [0.1802  0.08688 0.     ] [0.16999 0.08863 0.007  ] 0.0072
3
linear: [0.22655 0.17303 3.31321] [0.17317 0.14333 3.23817] 0.0559
angular: [ 0.1065  -0.00676  0.     ] [ 0.08376 -0.00929  0.01347] 0.0153
4
linear: [0.18932 0.28269 3.01963] [0.17673 0.26652 2.98595] 0.0228
angular: [0.13944 0.02463 0.     ] [0.12878 0.0149  0.00569] 0.0090
5
linear: [0.02597 0.01488 3.06507] [0.01312 0.00749 3.04207] 0.0158
angular: [-0.13211  0.08526  0.     ] [-0.11847  0.06733 -0.0018 ] 0.0130
6
linear: [0.28806 0.15358 2.71733] [0.27703 0.1349  2.68262] 0.0236
angular: [ 0.00765 -0.08499  0.     ] [ 0.00303 -0.09069  0.00539] 0.0053
7
linear: [0.01372 0.30772 2.49246] [0.00559 0.30609 2.50262] 0.0076
angular: [-0.17     0.07032  0.     ] [-0.17933  0.0662   0.00533] 0.0066
8
linear: [0.14083 0.17985 2.83204] [0.11951 0.15989 2.80472] 0.0231
angular: [-0.04128 -0.20266  0.     ] [-0.03648 -0.18679 -0.00598] 0.0102
9
linear: [-0.15712  0.24666  2.52889] [-0.13052  0.24647  2.52861] 0.0154
angular: [-0.03682 -0.15558  0.     ] [-0.04242 -0.15509 -0.00246] 0.0035
Avg linear RMSE: 0.0224
Avg angular RMSE: 0.0095
