Two body rpy? False
NNMob shape:  sphere
NNMob axes:  {'sphere': [1.0, 1.0, 1.0], 'prolateSpheroid': [1.0, 1.0, 3.0], 'oblateSpheroid': [2.0, 2.0, 1.0]}
          x         y         z  q_x  ...       v_z       w_x       w_y       w_z
0  0.000000  0.000000  0.000000    0  ...  3.168357 -0.064029  0.120902 -0.000082
1 -0.915721  0.921028  2.704286    0  ...  3.015150  0.008859  0.028992  0.005458
2 -0.332024 -2.922217  0.591951    0  ...  2.886730  0.169986  0.088627  0.007001
3 -2.028587 -2.321426 -1.808200    0  ...  3.238172  0.083762 -0.009294  0.013467
4 -2.835987 -3.445864 -4.469730    0  ...  2.985954  0.128776  0.014899  0.005694

[5 rows x 19 columns]
Sums of tensors going to NN: tensor(50., device='cuda:0') tensor(188.4956, device='cuda:0')
M [9, 6, 6]
force [9, 6, 1]
features [ 0.58369696 -3.84324566 -2.11233493  4.42416074  2.42416073]
forces [ 0.          0.         18.84955592  0.          0.          0.        ]
min_dist 2.424160733112247
dist 4.424160737069101
min_dist_all 0.99999999656156
M [9, 6, 6]
force [9, 6, 1]
M [9, 6, 6]
force [9, 6, 1]
M [9, 6, 6]
force [9, 6, 1]
M [9, 6, 6]
force [9, 6, 1]
M [9, 6, 6]
force [9, 6, 1]
M [9, 6, 6]
force [9, 6, 1]
M [9, 6, 6]
force [9, 6, 1]
M [9, 6, 6]
force [9, 6, 1]
M [9, 6, 6]
force [9, 6, 1]
0
linear: [0.0861  0.23539 3.29752] [0.07431 0.19164 3.16836] 0.0790
angular: [-0.08019  0.13974  0.     ] [-0.06403  0.1209  -0.00008] 0.0143
1
linear: [-0.02262  0.36301  3.09288] [-0.00068  0.29628  3.01515] 0.0605
angular: [0.01973 0.04354 0.     ] [0.00886 0.02899 0.00546] 0.0109
2
linear: [ 0.19935 -0.01845  2.93375] [ 0.18297 -0.00802  2.88673] 0.0294
angular: [0.1815  0.08815 0.     ] [0.16999 0.08863 0.007  ] 0.0078
3
linear: [0.26069 0.17484 3.38628] [0.17317 0.14333 3.23817] 0.1010
angular: [ 0.10797 -0.0072   0.     ] [ 0.08376 -0.00929  0.01347] 0.0160
4
linear: [0.20905 0.29057 3.07447] [0.17673 0.26652 2.98595] 0.0562
angular: [0.14151 0.02441 0.     ] [0.12878 0.0149  0.00569] 0.0097
5
linear: [0.02927 0.00293 3.11697] [0.01312 0.00749 3.04207] 0.0443
angular: [-0.13171  0.08566  0.     ] [-0.11847  0.06733 -0.0018 ] 0.0131
6
linear: [0.29718 0.13627 2.72383] [0.27703 0.1349  2.68262] 0.0265
angular: [ 0.00964 -0.08668  0.     ] [ 0.00303 -0.09069  0.00539] 0.0054
7
linear: [0.01548 0.33302 2.52195] [0.00559 0.30609 2.50262] 0.0200
angular: [-0.17008  0.07062  0.     ] [-0.17933  0.0662   0.00533] 0.0067
8
linear: [0.14093 0.18396 2.84974] [0.11951 0.15989 2.80472] 0.0320
angular: [-0.04079 -0.20278  0.     ] [-0.03648 -0.18679 -0.00598] 0.0102
9
linear: [-0.16665  0.25993  2.55336] [-0.13052  0.24647  2.52861] 0.0264
angular: [-0.03774 -0.15543  0.     ] [-0.04242 -0.15509 -0.00246] 0.0031
